%YAML:1.0
---
Camera_SensorType: Pinhole
Camera_NumType: Stereo
K_l: !!opencv-matrix
   rows: 3
   cols: 3
   dt: d
   data: [ 4.6807334923304927e+02, 0., 3.7550000000000000e+02, 0.,
       4.6839206955865529e+02, 2.3950000000000000e+02, 0., 0., 1. ]
D_l: !!opencv-matrix
   rows: 1
   cols: 5
   dt: d
   data: [ -2.9524844664892308e-01, 9.2648638294194952e-02,
       1.2565678272431818e-03, -1.0973757500386944e-03, 0. ]
K_r: !!opencv-matrix
   rows: 3
   cols: 3
   dt: d
   data: [ 4.6636324043315193e+02, 0., 3.7550000000000000e+02, 0.,
       4.6699370628186165e+02, 2.3950000000000000e+02, 0., 0., 1. ]
D_r: !!opencv-matrix
   rows: 1
   cols: 5
   dt: d
   data: [ -2.8763065687779843e-01, 8.1704992959643813e-02,
       1.7390742593601262e-03, -5.8867879463918066e-04, 0. ]
R_l: !!opencv-matrix
   rows: 3
   cols: 3
   dt: d
   data: [ 9.9965872232251296e-01, 5.8800973140392589e-03,
       2.5453159727198679e-02, -6.2591358580740422e-03,
       9.9987032535144260e-01, 1.4837644688771856e-02,
       -2.5362612302975263e-02, -1.4991895716602890e-02,
       9.9956589625696579e-01 ]
R_r: !!opencv-matrix
   rows: 3
   cols: 3
   dt: d
   data: [ 9.9999323239235693e-01, 1.4910633559785814e-03,
       -3.3633167489930376e-03, -1.5410649360626178e-03,
       9.9988760034988178e-01, -1.4913476637523496e-02,
       3.3407017748427626e-03, 1.4918558798475763e-02,
       9.9988313132837070e-01 ]
P_l: !!opencv-matrix
   rows: 3
   cols: 4
   dt: d
   data: [ 4.4841096490536830e+02, 0., 3.6260931396484375e+02, 0., 0.,
       4.4841096490536830e+02, 2.4206370544433594e+02, 0., 0., 0., 1.,
       0. ]
P_r: !!opencv-matrix
   rows: 3
   cols: 4
   dt: d
   data: [ 4.4841096490536830e+02, 0., 3.6260931396484375e+02,
       -4.9389797722142873e+01, 0., 4.4841096490536830e+02,
       2.4206370544433594e+02, 0., 0., 0., 1., 0. ]
Q: !!opencv-matrix
   rows: 4
   cols: 4
   dt: d
   data: [ 1., 0., 0., -3.6260931396484375e+02, 0., 1., 0.,
       -2.4206370544433594e+02, 0., 0., 0., 4.4841096490536830e+02, 0.,
       0., 9.0790200726886710e+00, 0. ]
height: 480
width: 752
