%YAML:1.0
---
Camera_SensorType: Pinhole
Camera_NumType: Stereo
K_l: !!opencv-matrix
   rows: 3
   cols: 3
   dt: d
   data: [ 5.0077439198537297e+02, 0., 3.0759255222039872e+02, 0.,
       4.9475240056251909e+02, 2.6566861802966150e+02, 0., 0., 1. ]
D_l: !!opencv-matrix
   rows: 1
   cols: 5
   dt: d
   data: [ -6.6125267946419722e-02, -1.9746579284343157e-02,
       -7.9648037074801954e-03, 1.4013835761077737e-03,
       -1.0050159377686364e-02 ]
K_r: !!opencv-matrix
   rows: 3
   cols: 3
   dt: d
   data: [ 5.0331138788808272e+02, 0., 2.8075386817027322e+02, 0.,
       4.9877804750889436e+02, 2.5853231029951530e+02, 0., 0., 1. ]
D_r: !!opencv-matrix
   rows: 1
   cols: 5
   dt: d
   data: [ -2.2263542594124275e-02, -3.1135200851120831e-01,
       -6.4712367429837258e-03, -5.5561178967956206e-03,
       6.5580295838460789e-01 ]
R: !!opencv-matrix
   rows: 3
   cols: 3
   dt: d
   data: [ 9.9998161399754615e-01, 2.6083559259589477e-03,
       5.4743169643460404e-03, -2.6644963975928138e-03,
       9.9994368001549472e-01, 1.0273132726546846e-02,
       -5.4472126642739881e-03, -1.0287530142534104e-02,
       9.9993224500350852e-01 ]
t: !!opencv-matrix
   rows: 3
   cols: 1
   dt: d
   data: [ -4.5097281589252143e-02, 1.0366021893648014e-03,
       -1.2630557948973024e-03 ]
R_l: !!opencv-matrix
   rows: 3
   cols: 3
   dt: d
   data: [ 9.9923463311943861e-01, -2.0650838629944452e-02,
       3.3221842792671055e-02, 2.0478129297205473e-02,
       9.9977500410755493e-01, 5.5305860652677180e-03,
       -3.3328579254866125e-02, -4.8460319456635091e-03,
       9.9943269997495765e-01 ]
R_r: !!opencv-matrix
   rows: 3
   cols: 3
   dt: d
   data: [ 9.9934426334929238e-01, -2.2970840254901391e-02,
       2.7988994423590745e-02, 2.3115798023981015e-02,
       9.9972094933777700e-01, -4.8665528753351894e-03,
       -2.7869395267470544e-02, 5.5103496402422883e-03,
       9.9959638497458958e-01 ]
P_l: !!opencv-matrix
   rows: 3
   cols: 4
   dt: d
   data: [ 5.4919277466871392e+02, 0., 2.7448602676391602e+02, 0., 0.,
       5.4919277466871392e+02, 2.5754068374633789e+02, 0., 0., 0., 1.,
       0. ]
P_r: !!opencv-matrix
   rows: 3
   cols: 4
   dt: d
   data: [ 5.4919277466871392e+02, 0., 2.7448602676391602e+02,
       -2.4783352558617782e+01, 0., 5.4919277466871392e+02,
       2.5754068374633789e+02, 0., 0., 0., 1., 0. ]
Q: !!opencv-matrix
   rows: 4
   cols: 4
   dt: d
   data: [ 1., 0., 0., -2.7448602676391602e+02, 0., 1., 0.,
       -2.5754068374633789e+02, 0., 0., 0., 5.4919277466871392e+02, 0.,
       0., 2.2159745069588901e+01, 0. ]
height: 480
width: 640
