%YAML:1.0
---
Camera_SensorType: Pinhole
Camera_NumType: Stereo
K_l: !!opencv-matrix
   rows: 3
   cols: 3
   dt: d
   data: [ 7.6099527482164183e+02, 0., 3.2031669102903612e+02, 0.,
       7.6093689707886301e+02, 2.2602243479365674e+02, 0., 0., 1. ]
D_l: !!opencv-matrix
   rows: 1
   cols: 5
   dt: d
   data: [ 3.4234175020013843e-02, -1.1339079263810589e-01,
       1.1175037232018666e-03, 1.8004797697721841e-04,
       2.6240443510189437e-01 ]
K_r: !!opencv-matrix
   rows: 3
   cols: 3
   dt: d
   data: [ 7.6264042375404767e+02, 0., 2.8744863964256336e+02, 0.,
       7.6288534226929949e+02, 2.2173128003644661e+02, 0., 0., 1. ]
D_r: !!opencv-matrix
   rows: 1
   cols: 5
   dt: d
   data: [ 2.6611911856972929e-02, 4.8634583312918540e-02,
       7.6734240387473895e-04, -1.6461532952989017e-03,
       -5.1546848745176843e-01 ]
R_l: !!opencv-matrix
   rows: 3
   cols: 3
   dt: d
   data: [ 9.9998101787665516e-01, -1.4151281942782752e-03,
       -5.9967740129626846e-03, 1.4178457241380406e-03,
       9.9999889408336962e-01, 4.4893823668150877e-04,
       5.9961320758743584e-03, -4.5743221527343262e-04,
       9.9998191841447659e-01 ]
R_r: !!opencv-matrix
   rows: 3
   cols: 3
   dt: d
   data: [ 9.9994831829639985e-01, -2.1453767309550470e-03,
       -9.9377107466526345e-03, 2.1408728073890920e-03,
       9.9999760075924471e-01, -4.6383119433106719e-04,
       9.9386819963434066e-03, 4.4253184803954871e-04,
       9.9995051215834618e-01 ]
P_l: !!opencv-matrix
   rows: 3
   cols: 4
   dt: d
   data: [ 7.6191111967408119e+02, 0., 3.1029559326171875e+02, 0., 0.,
       7.6191111967408119e+02, 2.2414410209655762e+02, 0., 0., 0., 1.,
       0. ]
P_r: !!opencv-matrix
   rows: 3
   cols: 4
   dt: d
   data: [ 7.6191111967408119e+02, 0., 3.1029559326171875e+02,
       -4.5795228898957357e+04, 0., 7.6191111967408119e+02,
       2.2414410209655762e+02, 0., 0., 0., 1., 0. ]
Q: !!opencv-matrix
   rows: 4
   cols: 4
   dt: d
   data: [ 1., 0., 0., -3.1029559326171875e+02, 0., 1., 0.,
       -2.2414410209655762e+02, 0., 0., 0., 7.6191111967408119e+02, 0.,
       0., 1.6637347120923070e-02, 0. ]
height: 480
width: 640
