%YAML:1.0
---
Camera_SensorType: Pinhole
Camera_NumType: Stereo
K_l: !!opencv-matrix
   rows: 3
   cols: 3
   dt: d
   data: [ 9.842439e+02, 0.000000e+00, 6.900000e+02, 
           0.000000e+00, 9.808141e+02, 2.331966e+02, 
           0.000000e+00, 0.000000e+00, 1.000000e+00 ]
D_l: !!opencv-matrix
   rows: 1
   cols: 5
   dt: d
   data: [ -3.728755e-01 ,2.037299e-01 ,2.219027e-03 ,1.383707e-03, -7.233722e-02]
K_r: !!opencv-matrix
   rows: 3
   cols: 3
   dt: d
   data: [  9.895267e+02,0.000000e+00,7.020000e+02,
            0.000000e+00 ,9.878386e+02 ,2.455590e+02, 
            0.000000e+00, 0.000000e+00 ,1.000000e+00]
D_r: !!opencv-matrix
   rows: 1
   cols: 5
   dt: d
   data: [ -3.644661e-01,1.790019e-01,1.148107e-03,-6.298563e-04,-5.314062e-02 ]
R: !!opencv-matrix
   rows: 3
   cols: 3
   dt: d
   data: [  9.993513e-01, 1.860866e-02, -3.083487e-02, 
           -1.887662e-02, 9.997863e-01, -8.421873e-03, 
            3.067156e-02, 8.998467e-03, 9.994890e-01]
T: !!opencv-matrix
   rows: 3
   cols: 1
   dt: d
   data: [ -5.370000e-01,4.822061e-03,-1.252488e-02]
height: 375
width: 1242
