%YAML:1.0
---
Camera_SensorType: Pinhole
K_l: !!opencv-matrix
   rows: 3
   cols: 3
   dt: d
   data: [ 3.5578142586646265e+02, 0., 4.3546003788586034e+02, 0.,
       3.5591583825528051e+02, 2.9812437334381815e+02, 0., 0., 1. ]
D_l: !!opencv-matrix
   rows: 5
   cols: 1
   dt: d
   data: [ 9.8762081878058183e-02, -6.1978856845548702e-01,
       -5.9652095166891385e-03, -1.8454932994333712e-03,
       4.1786271815222392e-01 ]
K_r: !!opencv-matrix
   rows: 3
   cols: 3
   dt: d
   data: [ 3.5640704885757668e+02, 0., 4.3739140521221248e+02, 0.,
       3.5663131338359153e+02, 2.9558197457970829e+02, 0., 0., 1. ]
D_r: !!opencv-matrix
   rows: 5
   cols: 1
   dt: d
   data: [ -1.6883446440316760e-01, 1.1162979252503658e+00,
       -4.1521820850146437e-03, -6.0109417889353221e-03,
       -3.5130460535880275e+00 ]
R_l: !!opencv-matrix
   rows: 3
   cols: 3
   dt: d
   data: [ 9.9959275576403506e-01, 2.1089150528079089e-03,
       2.8458304611518721e-02, -2.2069597329757566e-03,
       9.9999173613030212e-01, 3.4142348837401569e-03,
       -2.8450869104457446e-02, -3.4756507886099103e-03,
       9.9958914955035238e-01 ]
R_r: !!opencv-matrix
   rows: 3
   cols: 3
   dt: d
   data: [ 9.9936986091023750e-01, 9.5783692894945067e-04,
       3.5481877806424054e-02, -8.3556649256959204e-04,
       9.9999366279342727e-01, -3.4606649103629404e-03,
       -3.5484967703084673e-02, 3.4288367419378490e-03,
       9.9936432803342956e-01 ]
P_l: !!opencv-matrix
   rows: 3
   cols: 4
   dt: d
   data: [ 9.2689892703585053e+02, 0., 3.6856469535827637e+02, 0., 0.,
       9.2689892703585053e+02, 2.6490373611450195e+02, 0., 0., 0., 1.,
       0. ]
P_r: !!opencv-matrix
   rows: 3
   cols: 4
   dt: d
   data: [ 9.2689892703585053e+02, 0., 3.6856469535827637e+02,
       -8.4776117560964602e+04, 0., 9.2689892703585053e+02,
       2.6490373611450195e+02, 0., 0., 0., 1., 0. ]
Q: !!opencv-matrix
   rows: 4
   cols: 4
   dt: d
   data: [ 1., 0., 0., -3.6856469535827637e+02, 0., 1., 0.,
       -2.6490373611450195e+02, 0., 0., 0., 9.2689892703585053e+02, 0.,
       0., 1.0933491102246982e-02, 0. ]
height: 480
width: 752
