%YAML:1.0
---
Camera_SensorType: Pinhole
Camera_NumType: Stereo
K_l: !!opencv-matrix
   rows: 3
   cols: 3
   dt: d
   data: [ 1.0100384405184255e+03, 0., 6.3950000000000000e+02, 0.,
       1.0052032701307824e+03, 3.5950000000000000e+02, 0., 0., 1. ]
D_l: !!opencv-matrix
   rows: 1
   cols: 5
   dt: d
   data: [ -1.9522721498465612e-02, 1.3898016999627508e-01,
       3.5819088645720339e-05, 2.4908546957664222e-03, 0. ]
K_r: !!opencv-matrix
   rows: 3
   cols: 3
   dt: d
   data: [ 1.0032146674233074e+03, 0., 6.3950000000000000e+02, 0.,
       1.0021341834983778e+03, 3.5950000000000000e+02, 0., 0., 1. ]
D_r: !!opencv-matrix
   rows: 1
   cols: 5
   dt: d
   data: [ -1.1391463514426214e-02, 3.9769000859645208e-02,
       4.4755576328056367e-03, -1.3687166578510114e-03, 0. ]
R: !!opencv-matrix
   rows: 3
   cols: 3
   dt: d
   data: [ 9.9996691447368569e-01, -2.9118987400831094e-03,
       7.5954462478578962e-03, 3.0186628723631692e-03,
       9.9989627370066825e-01, -1.4082951181532133e-02,
       -7.5536502725246906e-03, 1.4105413331267663e-02,
       9.9987198164680791e-01 ]
t: !!opencv-matrix
   rows: 3
   cols: 1
   dt: d
   data: [ -8.3899605880154340e-02, -2.2890830457617084e-04,
       -5.2716121446862781e-04 ]
R_l: !!opencv-matrix
   rows: 3
   cols: 3
   dt: d
   data: [ 9.9990423009454410e-01, -9.5192124085804965e-05,
       1.3839132107777260e-02, 1.9285721986094521e-04,
       9.9997508748333908e-01, -7.0560058659980170e-03,
       -1.3838115663982107e-02, 7.0579990895269290e-03,
       9.9987933832224096e-01 ]
R_r: !!opencv-matrix
   rows: 3
   cols: 3
   dt: d
   data: [ 9.9997653931069530e-01, 2.7282957032771821e-03,
       6.2830908604680864e-03, -2.7725688715581794e-03,
       9.9997131532516714e-01, 7.0485025861824592e-03,
       -6.2636802327293885e-03, -7.0657575255901259e-03,
       9.9995541969656410e-01 ]
P_l: !!opencv-matrix
   rows: 3
   cols: 4
   dt: d
   data: [ 1.0560797620225444e+03, 0., 6.2600110626220703e+02, 0., 0.,
       1.0560797620225444e+03, 3.6122793579101563e+02, 0., 0., 0., 1.,
       0. ]
P_r: !!opencv-matrix
   rows: 3
   cols: 4
   dt: d
   data: [ 1.0560797620225444e+03, 0., 6.2600110626220703e+02,
       -8.8606754587238328e+01, 0., 1.0560797620225444e+03,
       3.6122793579101563e+02, 0., 0., 0., 1., 0. ]
Q: !!opencv-matrix
   rows: 4
   cols: 4
   dt: d
   data: [ 1., 0., 0., -6.2600110626220703e+02, 0., 1., 0.,
       -3.6122793579101563e+02, 0., 0., 0., 1.0560797620225444e+03, 0.,
       0., 1.1918727493655966e+01, 0. ]
height: 720
width: 1280
