%YAML:1.0
---
Camera_SensorType: Pinhole
Camera_NumType: Stereo
K_l: !!opencv-matrix
   rows: 3
   cols: 3
   dt: d
   data: [ 1265.4157426547047, 0., 649.1764873455104, 0.,
       1259.125033829179, 349.11875004082356, 0., 0., 1. ]
D_l: !!opencv-matrix
   rows: 1
   cols: 4
   dt: d
   data: [ -0.15442153959026667, 0.22415792664801637, 0.00028611532170761544,-0.0011553024948397013 ]
K_r: !!opencv-matrix
   rows: 3
   cols: 3
   dt: d
   data: [ 1270.980680475146, 0., 692.2080529147544, 0.,
       1266.6167801504557, 346.53773474480096, 0., 0., 1. ]
D_r: !!opencv-matrix
   rows: 1
   cols: 4
   dt: d
   data: [-0.13964919973164264, 0.3032246444678759, -0.0006841993380782645,-0.0017521213083201822 ]

# [0.9998891344486656, -0.009959361234377002, -0.01106931625641834, -0.01100835532373162;
#  0.009914280297505438, 0.9999423642571008, -0.004120207259862213, -0.4844346328907401;
#  0.01110971522113364, 0.00401000641881931, 0.9999302442427633, -0.01217135543559478;
#  0, 0, 0, 1]
R: !!opencv-matrix
   rows: 3
   cols: 3
   dt: d
   data: [ 0.9998891344486656, -0.009959361234377002, -0.01106931625641834  ,
           0.009914280297505438, 0.9999423642571008, -0.004120207259862213  ,
          0.01110971522113364, 0.00401000641881931, 0.9999302442427633  ]
T: !!opencv-matrix
   rows: 3
   cols: 1
   dt: d
   data: [ -0.01100835532373162,-0.4844346328907401, -0.01217135543559478 ]
height: 700
width: 1388
