%YAML:1.0
---
Camera_SensorType: Pinhole
Camera_NumType: Stereo
K_l: !!opencv-matrix
   rows: 3
   cols: 3
   dt: d
   data: [ 746.52836808801499, 0., 597.91450719921693, 0.,
       744.10376821248178, 335.76141261889455, 0., 0., 1. ]
D_l: !!opencv-matrix
   rows: 1
   cols: 5
   dt: d
   data: [ 0.068925942192347753, 0.18065525941781402, 0., 0.,
       -0.61387897914458311 ]
K_r: !!opencv-matrix
   rows: 3
   cols: 3
   dt: d
   data: [ 742.15488910703243, 0., 621.4874739600782, 0.,
       739.90564941651178, 319.36450173869184, 0., 0., 1. ]
D_r: !!opencv-matrix
   rows: 1
   cols: 5
   dt: d
   data: [ 0.088681072479958545, 0.094840192505074028, 0., 0.,
       -0.49758969958410793 ]
R: !!opencv-matrix
   rows: 3
   cols: 3
   dt: d
   data: [ 0.99995792623404456, -0.00013253149604550344,
       0.0091721424493721657, 8.9033059022561415e-05,
       0.99998874938614168, 0.0047426969389566219,
       -0.0091726678138598257, -0.0047416807719355553,
       0.99994668789322638 ]
t: !!opencv-matrix
   rows: 3
   cols: 1
   dt: d
   data: [ -0.065141111698837517, -3.7259567566421618e-06,
       0.0014787526907341704 ]
height: 720
width: 1280
