%YAML:1.0
---
Camera_SensorType: Pinhole
Camera_NumType: Stereo
K_l: !!opencv-matrix
   rows: 3
   cols: 3
   dt: d
   data: [ 740.48428086417368, 0., 599.35297745421644, 0.,
       736.99663719619809, 328.44345698517327, 0., 0., 1. ]
D_l: !!opencv-matrix
   rows: 1
   cols: 5
   dt: d
   data: [ 0.11607637709372481, -0.16613973422176906,
       -0.0036861621156608865, 0.00025126461285119596,
       0.0079240693472536362 ]
K_r: !!opencv-matrix
   rows: 3
   cols: 3
   dt: d
   data: [ 743.44293236091846, 0., 639.95054941498995, 0.,
       740.17067212667519, 301.11490244617562, 0., 0., 1. ]
D_r: !!opencv-matrix
   rows: 1
   cols: 5
   dt: d
   data: [ 0.12210408630625938, -0.19788705625800804,
       -0.0014884568471058032, 0.0011451880961212374,
       0.049307968009309373 ]
R: !!opencv-matrix
   rows: 3
   cols: 3
   dt: d
   data: [ 0.99999658589554608, 0.00065312476284193181,
       0.0025301433350425695, -0.00066768400694469188,
       0.99998320110733296, 0.0057577514012093801,
       -0.0025263403014178327, -0.0057594210798847627,
       0.99998022314119095 ]
t: !!opencv-matrix
   rows: 3
   cols: 1
   dt: d
   data: [ -0.065120499868328741, -0.00028280461357444917,
       0.00087913930045727898 ]
height: 720
width: 1280
