%YAML:1.0
---
Camera_SensorType: Pinhole
Camera_NumType: Stereo
K_l: !!opencv-matrix
   rows: 3
   cols: 3
   dt: d
   data: [ 1392.7380970261652, 0., 1094.3586589218583, 0.,
       1393.5915034113973, 612.37920486004168, 0., 0., 1. ]
D_l: !!opencv-matrix
   rows: 1
   cols: 5
   dt: d
   data: [ -0.15234843350426275, -0.026033716550110355,
       0.00024674847596276804, -8.8818608436176281e-05,
       0.04442456370465845 ]
K_r: !!opencv-matrix
   rows: 3
   cols: 3
   dt: d
   data: [ 1397.0295213716427, 0., 1059.9401304635378, 0.,
       1397.2819720284351, 608.1629115293722, 0., 0., 1. ]
D_r: !!opencv-matrix
   rows: 1
   cols: 5
   dt: d
   data: [ -0.15436754461420993, -0.024657971875984022,
       0.00018807964199190561, -0.00013446907554054736,
       0.045892936372579705 ]
R: !!opencv-matrix
   rows: 3
   cols: 3
   dt: d
   data: [ 0.99994563580247231, 0.0010024858451091452,
       0.010378846839596263, -0.0011045447932533836, 0.99995105169795961,
       0.0098323033386984848, -0.010368482067744456,
       -0.0098432327146542823, 0.99989779745198759 ]
t: !!opencv-matrix
   rows: 3
   cols: 1
   dt: d
   data: [ -0.11967064975875367, -0.00039792319294152648,
       0.0013831433937854327 ]
height: 1242
width: 2208
