%YAML:1.0
---
Camera_SensorType: Pinhole
Camera_NumType: Stereo
K_l: !!opencv-matrix
   rows: 3
   cols: 3
   dt: d
   data: [ 1081.5538117276433, 0., 989.66477371422957, 0.,
       1080.9513318743484, 540.55549903849965, 0., 0., 1. ]
D_l: !!opencv-matrix
   rows: 1
   cols: 5
   dt: d
   data: [ 0.091981166783503807, -0.14204459303195502,
       8.5463407096161351e-05, 0.002031590909427962,
       0.078442821878323896 ]
K_r: !!opencv-matrix
   rows: 3
   cols: 3
   dt: d
   data: [ 1081.7362266206728, 0., 960.17052280493738, 0.,
       1081.4810916727611, 542.93910935950964, 0., 0., 1. ]
D_r: !!opencv-matrix
   rows: 1
   cols: 5
   dt: d
   data: [ 0.076697799044314077, -0.10833092168833132,
       0.00017608031176559913, 0.00080341944335787308,
       0.050876469012219934 ]
R: !!opencv-matrix
   rows: 3
   cols: 3
   dt: d
   data: [ 0.99999321810589237, -0.0020988041386216182,
       -0.0030263448925841449, 0.0020903121766903915, 0.9999938771960859,
       -0.0028064506665139125, 0.0030322165531414882,
       0.0028001056278828614, 0.99999148249934988 ]
t: !!opencv-matrix
   rows: 3
   cols: 1
   dt: d
   data: [ -0.0480060752348783, -0.00015485836007879858,
       -0.00093297544983804307 ]
height: 1080
width: 1920
