%YAML:1.0
---
Camera_SensorType: Pinhole
Camera_NumType: Stereo
K_l: !!opencv-matrix
   rows: 3
   cols: 3
   dt: d
   data: [ 1579.1034371504434, 0., 325.94830180522013, 0.,
       1578.7729520538026, 232.93272190836419, 0., 0., 1. ]
D_l: !!opencv-matrix
   rows: 1
   cols: 5
   dt: d
   data: [ -0.10269400446678043, 0.3387337828110692,
       0.00049181391784086387, -0.0013943415742184182,
       0.0075193583260540825 ]
K_r: !!opencv-matrix
   rows: 3
   cols: 3
   dt: d
   data: [ 1572.5771649423189, 0., 315.37132286113786, 0.,
       1572.8499668773563, 228.72756555537256, 0., 0., 1. ]
D_r: !!opencv-matrix
   rows: 1
   cols: 5
   dt: d
   data: [ -0.12728407079418669, 1.2472711242156347,
       0.00099744510191136543, -0.0015300086369102117,
       -10.249760746120501 ]
R: !!opencv-matrix
   rows: 3
   cols: 3
   dt: d
   data: [ 0.99865481707186299, 0.0016797299423932559,
       0.051824075934690066, -0.0015287516337255079, 0.99999447196749869,
       -0.0029527873079286371, -0.051828749334768588,
       0.00286958912810012, 0.99865186436547027 ]
t: !!opencv-matrix
   rows: 3
   cols: 1
   dt: d
   data: [ -0.074297796826583773, -0.00011561039551709755,
       0.0063107936604247508 ]
height: 480
width: 640
