%YAML:1.0
---
Camera_SensorType: Pinhole
Camera_NumType: Stereo
K_l: !!opencv-matrix
   rows: 3
   cols: 3
   dt: d
   data: [ 533.63005638952086, 0., 341.64110557254588, 0.,
       533.71291896351715, 235.80259375845074, 0., 0., 1. ]
D_l: !!opencv-matrix
   rows: 1
   cols: 5
   dt: d
   data: [ -0.29282458229256192, 0.11576560421677377,
       0.001312995153692978, -0.00024451396341719294,
       -0.027858343679915246 ]
K_r: !!opencv-matrix
   rows: 3
   cols: 3
   dt: d
   data: [ 537.35858536748628, 0., 327.27320336011542, 0.,
       537.15749002935195, 249.31895545916115, 0., 0., 1. ]
D_r: !!opencv-matrix
   rows: 1
   cols: 5
   dt: d
   data: [ -0.31145421029349923, 0.21633369337313399,
       -0.00081118534677130554, -9.9638753548213015e-05,
       -0.1664191188119172 ]
R: !!opencv-matrix
   rows: 3
   cols: 3
   dt: d
   data: [ 0.99998910529415497, 0.0037470034115412707,
       0.0027837489882013974, -0.0037359285152772617,
       0.99998512888510549, -0.0039730148209818844,
       -0.0027985944908386533, 0.0039625716489297145,
       0.99998823287816896 ]
t: !!opencv-matrix
   rows: 3
   cols: 1
   dt: d
   data: [ -0.13309112477007579, 0.0014935517014479681,
       -0.00013156617246617484 ]
height: 480
width: 640
