%YAML:1.0
---
Camera_SensorType: Pinhole
Camera_NumType: Stereo
K_l: !!opencv-matrix
   rows: 3
   cols: 3
   dt: d
   data: [ 652.3561442396674, 0., 642.82966174043668, 0.,
       654.21246904473537, 357.32887694878536, 0., 0., 1. ]
D_l: !!opencv-matrix
   rows: 1
   cols: 5
   dt: d
   data: [ -0.0058055737902341659, 0.049362900056729345,
       0.0012111316682783275, 0.0012915204298827637,
       -0.10456756513706761 ]
K_r: !!opencv-matrix
   rows: 3
   cols: 3
   dt: d
   data: [ 647.47991920141772, 0., 641.23613811251334, 0.,
       649.62486463557013, 354.60405013446962, 0., 0., 1. ]
D_r: !!opencv-matrix
   rows: 1
   cols: 5
   dt: d
   data: [ 0.0013662884568632501, -0.020416496511505303,
       0.00031196441390026494, -0.00085571197278630571,
       0.023258414022611574 ]
R: !!opencv-matrix
   rows: 3
   cols: 3
   dt: d
   data: [ 0.99999807901370164, 7.7735976628453673e-05,
       0.0019585520224044578, -8.2975982963140135e-05,
       0.99999641737430967, 0.0026755099572961585,
       -0.0019583370222661556, -0.0026756673304574345,
       0.9999945028451126 ]
t: !!opencv-matrix
   rows: 3
   cols: 1
   dt: d
   data: [ -0.18868222192153231, 0.0013510935609407308,
       -0.0055094792972172511 ]
height: 720
width: 1280
