%YAML:1.0
---
Camera_SensorType: Pinhole
Camera_NumType: Stereo
K_l: !!opencv-matrix
   rows: 3
   cols: 3
   dt: d
   data: [ 349.18361230000971, 0., 329.22696631444893, 0.,
       349.26030751407893, 192.27838845388695, 0., 0., 1. ]
D_l: !!opencv-matrix
   rows: 1
   cols: 5
   dt: d
   data: [ -0.16599571252978693, 0.010829951394523489,
       0.000227196869995359, -0.00045957789437014844,
       0.011253472741027061 ]
K_r: !!opencv-matrix
   rows: 3
   cols: 3
   dt: d
   data: [ 350.41328317187612, 0., 340.25996690160548, 0.,
       350.4015470606135, 179.95882804168724, 0., 0., 1. ]
D_r: !!opencv-matrix
   rows: 1
   cols: 5
   dt: d
   data: [ -0.16501578446947349, 0.012113603219141547,
       0.00025237710324033552, -0.00035566562752861053,
       0.0069490121853740825 ]
R: !!opencv-matrix
   rows: 3
   cols: 3
   dt: d
   data: [ 0.99999514284757895, 0.0020447244711252117,
       0.0023523144108221418, -0.0020686175834581451, 0.9999458380593218,
       0.01020008672189128, -0.0023313306379807177,
       -0.010204903217467413, 0.99994521092296784 ]
t: !!opencv-matrix
   rows: 3
   cols: 1
   dt: d
   data: [ -0.18976265622428115, 0.00040387233178999191,
       0.0016646353714789019 ]
height: 376
width: 672
